1
4
5
10
11
12
13
14
15
16
20
21
22
23
24
25
27
29
38
39
40
42
43
46
48
49
50
53
54
55
56
57
59
61
63
64
66
68
69
70
71
72
73
74
76
77
80
81
86
87
91
94
102
104
106
107
108
109
110
111
112
113
114
116
117
119
120
122
123
124
125
126
127
131
133
134
135
136
137
138
141
143
145
147
148
149
150
151
152
154
155
156
157
158
159
162
166
167
169
171
174
176
177
178
179
180
181
183
185
186
188
189
192
197
198
199
200
205
206
207
209
212
213
215
216
217
220
221
224
228
229
230
231
232
234
235
237
243
244
245
248
249
250
251
252
253
255
256
259
263
267
269
271
273
274
277
280
285
286
288
293
302
304
308
309
310
318
335
336
338
340
344
345
347
354
355
356
357
360
367
368
369
370
383
386
388
389
391
393
394
396
397
399
400
401
403
404
406
408
409
410
411
413
414
415
416
418
419
420
421
422
423
424
426
427
429
430
431
433
435
437
438
439
440
442
444
445
447
451
455
457
458
459
464
465
466
471
475
477
485
486
492
496
498
500
501
503
504
506
507
511
512
513
514
515
516
517
519
520
522
525
529
536
540
541
544
545
548
552
554
555
560
563
564
568
571
572
582
609
611
663
668
669
670
674
675
678
681
682
683
687
688
691
693
697
698
701
702
703
705
706
707
708
711
717
723
725
727
729
735
736
738
739
742
743
748
751
753
755
756
757
762
763
764
767
768
769
771
775
776
778
779
780
781
782
784
786
787
789
794
795
796
797
802
807
811
812
813
817
818
819
820
825
826
835
839
843
851
853
854
859
860
862
863
865
869
871
873
874
876
877
878
879
883
892
893
895
896
901
902
904
905
910
911
913
915
916
923
926
927
933
934
936
937
939
940
941
942
944
950
953
954
959
961
962
963
964
965
967
969
971
972
974
975
976
977
980
982
985
986
989
991
994
1000
1005
1006
1007
1008
1010
1011
1012
1013
1016
1017
1018
1019
1020
1021
1022
1023
1024
1025
1027
1028
1029
1031
1033
1035
1037
1040
1042
1043
1044
1045
1047
1048
1049
1051
1052
1053
1055
1056
1057
1059
1060
1061
1062
1063
1064
1065
1066
1067
1068
1069
1070
1071
1072
1073
1074
1075
1095
1097
1098
1103
1106
1107
1108
1109
1110
1111
1112
1113
1114
1116
1117
1119
1122
1123
1125
1129
1130
1131
1132
1133
1135
1136
1137
1138
1139
1140
1141
1142
1143
1145
1146
1147
1148
1149
1150
1152
1154
1156
1157
1158
1159
1160
1161
1163
1164
1165
1166
1168
1169
1171
1175
1176
1177
1178
1179
1180
1181
1182
1183
1184
1185
1186
1187
1189
1190
1191
1192
1193
1195
1196
1197
1198
1199
1201
1202
1203
1204
1205
1206
1207
1208
1210
1214
1216
1218
1220
1222
1224
1226
1228
1230
1232
1233
1234
1237
1238
1239
1240
1241
1242
1243
1244
1245
1249
1250
1251
1252
1254
1255
1256
1259
1260
1261
1262
1263
1264
1265
1266
1268
1269
1270
1271
1272
1274
1275
1276
1277
1278
1280
1281
1283
1284
1285
1286
1287
1288
1289
1290
1291
1292
1293
1294
1295
1296
1298
1299
1302
1304
1306
1307
1309
1310
1313
1314
1315
1317
1318
1319
1320
1321
1322
1323
1325
1326
1327
1328
1330
1331
1332
1334
1335
1338
1339
1340
1341
1342
1343
1344
1346
1347
1348
1349
1350
1351
1352
1353
1354
1355
1356
1357
1358
1359
1360
1361
1362
1363
1365
1366
1369
1370
1371
1372
1373
1376
1377
1378
1379
1381
1382
1383
1385
1386
1388
1390
1392
1393
1394
1395
1396
1397
1398
1399
1400
1401
1402
1404
1406
1407
1408
1409
1413
1414
1419
1421
1422
1424
1429
1432
1433
1437
1438
1439
1440
1441
1442
1443
1444
1445
1446
1447
1448
1450
1451
1452
1453
1456
1458
1463
1464
1465
1466
1467
1468
1469
1470
1472
1475
1477
1480
1482
1483
1485
1487
1490
1493
1495
1496
1497
1498
1499
1500
1501
1502
1503
1506
1507
1509
1510
1512
1517
1520
1521
1522
1524
1525
1526
1527
1528
1531
1532
1533
1535
1536
1538
1539
1540
1542
1543
1545
1549
1550
1551
1552
1554
1555
1558
1562
1563
1564
1565
1566
1567
1568
1571
1573
1574
1575
1578
1580
1584
1585
1586
1587
1589
1590
1594
1596
1598
1600
1603
1605
1607
1608
1611
1612
1613
1614
1615
1617
1618
1619
1621
1622
1623
1624
1626
1627
1629
1630
1632
1633
1634
1635
1637
1640
1641
1642
1643
1645
1646
1647
1649
1650
1651
1652
1653
1654
1655
1657
1658
1662
1663
1664
1665
1667
1668
1669
1670
1671
1672
1673
1675
1676
1677
1678
1679
1680
1681
1683
1684
1686
1689
1690
1691
1692
1693
1695
1696
1697
1698
1699
1700
1702
1703
1705
1706
1707
1708
1710
1711
1712
1713
1714
1715
1716
1717
1718
1719
1720
1721
1722
1723
1724
1725
1726
1727
1728
1729
1730
1731
1732
1733
1734
1735
1736
1737
1738
1739
1740
1741
1742
1744
1745
1746
1747
1748
1749
1750
1751
1752
1753
1754
1755
1756
1757
1758
1761
1763
1765
1767
1768
1771
1773
1774
1775
1779
1781
1782
1784
1785
1786
1789
1791
1793
1795
1796
1797
1798
1799
1800
1801
1802
1805
1806
1808
1810
1811
1812
1813
1814
1816
1818
1819
1820
1821
1822
1823
1824
1825
1826
1827
1828
1830
1832
1834
1839
1840
1841
1842
1845
1852
1856
1857
1859
1860
1861
1865
1866
1867
1868
1869
1870
1871
1872
1876
1877
1878
1879
1880
1881
1882
1883
1884
1886
1890
1892
1893
1894
1895
1896
1898
1901
1903
1904
1906
1907
1908
1909
1910
1911
1913
1914
1919
1924
1925
1926
1927
1928
1929
1930
1931
1934
1946
1953
1954
1955
1956
1957
1961
1962
1963
1964
1965
1967
1970
1972
1974
1975
1977
1978
1979
1980
1983
1984
1986
1987
1989
1992
1995
1996
1997
1998
2002
2003
2005
2006
2007
2009
2010
2013
2019
2022
2024
2025
2026
2028
2029
2030
2031
2032
2035
2036
2037
2039
2040
2041
2042
2043
2045
2046
2048
2049
2051
2052
2054
2056
2057
2058
2061
2064
2065
2066
2068
2072
2073
2074
2075
2079
2083
2085
2086
2089
2090
2091
2092
2093
2095
2096
2097
2099
2100
2103
2106
2108
2111
2113
2115
2116
2117
2119
2121
2122
2124
2125
2127
2128
2131
2133
2134
2135
2136
2138
2139
2141
2142
2143
2147
2148
2149
2152
2153
2154
2156
2157
2158
2162
2163
2164
2165
2170
2172
2183
2184
2185
2186
2187
2189
2190
2192
2194
2200
2201
2204
2205
2207
2210
2214
2215
2216
2219
2220
2221
2225
2226
2229
2234
2238
2249
2251
2252
2253
2256
2257
2260
2261
2262
2263
2266
2267
2268
2271
2275
2277
2280
2284
2286
2287
2289
2292
2293
2294
2295
2296
2297
2299
2304
2307
2310
2312
2314
2317
2320
2323
2325
2329
2330
2331
2335
2338
2340
2345
2346
2352
2353
2357
2364
2368
2370
2375
2376
2377
2378
2384
2386
2388
2389
2390
2396
2403
2404
2408
2409
2411
2414
2415
2417
2418
2422
2423
2424
2425
2427
2428
2429
2430
2433
2436
2437
2438
2440
2441
2443
2444
2446
2451
2454
2458
2459
2461
2462
2464
2466
2467
2471
2472
2474
2479
2480
2483
2486
2487
2490
2491
2492
2497
2498
2501
2502
2503
2505
2508
2509
2511
2516
2517
2518
2519
2522
2524
2525
2526
2527
2529
2533
2534
2535
2536
2540
2541
2544
2547
2549
2551
2552
2553
2555
2557
2560
2562
2564
2567
2570
2588
2591
2592
2593
2594
2610
2613
2616
2617
2619
2620
2621
2623
2624
2625
2627
2630
2632
2634
2635
2636
2637
2638
2641
2644
2647
2649
2654
2657
2658
2659
2660
2662
2663
2673
2674
2680
2683
2686
2687
2688
2689
2694
2697
2698
2700
2702
2705
2707
2709
2714
2718
2720
2724
2730
2733
2735
2736
2737
2740
2741
2742
2744
2745
2747
2750
2755
2761
2762
2764
2765
2773
2774
2776
2778
2780
2782
2786
2788
2789
2791
2796
2797
2798
2799
2801
2802
2804
2806
2807
2811
2813
2814
2815
2819
2820
2824
2827
2829
2830
2831
2834
2838
2839
2843
2847
2848
2854
2859
2861
2863
2867
2868
2869
2872
2877
2878
2880
2881
2883
2884
2886
2897
2898
2904
2906
2911
2912
2913
2915
2917
2918
2920
2925
2926
2935
2936
2939
2949
2954
2965
2966
2967
2969
2971
2972
2974
2976
2983
2984
2985
2987
2988
2992
2993
2997
2998
3000
3003
3007
3008
3010
3012
3014
3016
3020
3028
3031
3033
3038
3041
3044
3045
3047
3049
3051
3054
3061
3063
3066
3070
3074
3080
3081
3083
3084
3086
3092
3094
3096
3099
3101
3102
3104
3110
3114
3116
3118
3120
3124
3126
3127
3129
3133
3135
3143
3145
3148
3156
3158
3162
3164
3165
3168
3169
3172
3176
3178
3180
3182
3184
3188
3192
3196
3198
3200
3205
3207
3209
3211
3216
3219
3223
3228
3232
3245
3250
3252
3256
3258
3259
3261
3263
3264
3265
3267
3271
3275
3283
3304
3311
3318
3322
3328
3343
3345
3347
3355
3362
3376
3380
3388
3393
3403
3405
3412
3416
3419
3423
3425
3434
3435
3436
3441
3442
3446
3452
3453
3457
3458
3482
3483
3484
3485
3486
3488
3489
3490
3491
3492
3493
3496
3497
3498
3499
3501
3502
3503
3504
3506
3507
3508
3509
3510
3514
3515
3518
3529
3530
3531
3532
3534
3535
3539
3541
3543
3544
3546
3548
3551
3552
3553
3554
3555
3556
3557
3558
3561
3562
3563
3565
3566
3568
3570
3571
3572
3573
3574
3576
3577
3578
3579
3580
3581
3582
3583
3584
3585
3586
3587
3588
3589
3591
3592
3593
3594
3595
3596
3597
3598
3599
3600
3601
3602
3603
3604
3605
3606
3607
3609
3612
3613
3616
3618
3621
3622
3623
3624
3625
3627
3628
3629
3630
3631
3632
3634
3635
3636
3637
3638
3641
3643
3644
3645
3646
3647
3648
3650
3651
3652
3653
3654
3655
3656
3657
3658
3659
3660
3663
3685
3686
3689
3690
3691
3692
3701
3706
3707
3710
3711
3712
3713
3714
3715
3716
3717
3720
3721
3722
3724
3730
3732
3733
3734
3737
3738
3739
3741
3742
3743
3744
3745
3747
3748
3749
3750
3751
3752
3753
3754
3755
3756
3757
3758
3759
3762
3765
3767
3768
3769
3770
3772
3773
3776
3777
3781
3782
3784
3785
3786
3787
3788
3789
3790
3791
3792
3793
3795
3798
3799
3802
3803
3805
3806
3807
3808
3809
3811
3812
3814
3815
3817
3818
3824
3829
3830
3836
3837
3843
3848
3849
3850
3852
3854
3855
3856
3858
3859
3860
3862
3865
3866
3868
3871
3872
3873
3874
3875
3876
3877
3878
3879
3880
3881
3882
3883
3885
3887
3889
3890
3892
3895
3896
3897
3898
3902
3903
3904
3909
3910
3911
3912
3913
3914
3915
3916
3917
3918
3919
3920
3921
3922
3923
3924
3925
3926
3927
3928
3929
3930
3931
3933
3934
3935
3936
3937
3938
3939
3940
3947
3948
3949
3950
3951
3952
3954
3955
3956
3957
3958
3959
3961
3962
3965
3966
3967
3972
3974
3975
3978
3980
3981
3982
3983
3985
3988
3989
3992
3993
3994
3995
3996
3997
3998
4000
4001
4004
4005
4006
4007
4013
4015
4017
4019
4020
4021
4022
4026
4027
4028
4029
4032
4034
4035
4036
4040
4043
4044
4046
4048
4049
4050
4051
4052
4054
4056
4057
4058
4059
4063
4064
4065
4066
4067
4069
4070
4071
4072
4075
4077
4078
4079
4082
4083
4084
4085
4086
4087
4088
4090
4092
4093
4094
4095
4096
4097
4102
4103
4104
4107
4108
4110
4111
4115
4116
4117
4118
4119
4120
4121
4122
4124
4125
4127
4128
4133
4134
4135
4137
4138
4140
4142
4145
4146
4147
4149
4150
4151
4153
4154
4155
4156
4160
4164
4165
4167
4170
4171
4174
4175
4176
4177
4179
4180
4182
4183
4184
4185
4186
4187
4188
4189
4190
4191
4192
4193
4194
4195
4196
4197
4198
4199
4200
4201
4202
4203
4204
4206
4207
4208
4209
4210
4211
4212
4213
4215
4220
4221
4223
4224
4225
4226
4227
4228
4229
4231
4232
4233
4234
4238
4239
4240
4241
4242
4243
4244
4247
4248
4249
4252
4253
4254
4255
4257
4260
4261
4262
4263
4264
4265
4268
4274
4275
4278
4279
4281
4283
4285
4287
4289
4291
4292
4294
4296
4301
4303
4307
4312
4313
4318
4321
4324
4325
4330
4333
4334
4336
4337
4341
4343
4344
4345
4346
4347
4348
4349
4350
4351
4354
4355
4356
4357
4358
4359
4360
4361
4362
4368
4374
4375
4377
4380
4383
4388
4389
4394
4398
4402
4404
4405
4406
4407
4413
4418
4427
4430
4431
4438
4439
4441
4442
4443
4444
4446
4447
4448
4450
4451
4452
4453
4454
4455
4456
4458
4459
4461
4464
4465
4466
4467
4468
4469
4471
4472
4473
4474
4475
4476
4477
4478
4480
4482
4483
4485
4488
4489
4490
4492
4493
4494
4495
4497
4498
4504
4505
4506
4518
4520
4526
4527
4529
4530
4531
4546
4547
4548
4549
4553
4561
4564
4565
4567
4568
4570
4578
4583
4587
4588
4589
4594
4597
4600
4601
4603
4604
4605
4606
4607
4608
4609
4612
4614
4615
4617
4618
4621
4622
4624
4626
4627
4628
4629
4630
4631
4632
4633
4634
4635
4636
4638
4639
4640
4641
4642
4645
4646
4648
4651
4657
4658
4659
4664
4665
4666
4667
4669
4670
4672
4673
4675
4676
4677
4678
4679
4681
4686
4687
4688
4689
4690
4695
4696
4698
4699
4700
4703
4705
4707
4712
4713
4715
4717
4720
4722
4725
4726
4727
4728
4732
4735
4736
4737
4739
4741
4742
4743
4744
4746
4750
4753
4758
4759
4761
4762
4769
4770
4772
4773
4774
4775
4777
4780
4781
4788
4790
4792
4793
4794
4797
4798
4799
4800
4801
4802
4805
4808
4809
4810
4811
4812
4815
4816
4817
4818
4820
4821
4822
4823
4824
4826
4827
4828
4831
4832
4833
4836
4838
4839
4842
4848
4849
4850
4851
4852
4853
4854
4855
4857
4858
4859
4860
4862
4866
4874
4875
4878
4887
4889
4890
4897
4901
4902
4906
4908
4912
4913
4915
4917
4930
4931
4937
4938
4941
4942
4943
4944
4949
4952
4957
4959
4960
4961
4964
4966
4967
4969
4971
4974
4982
4985
4988
4989
4990
4995
4996
4997
4998
5000
5001
5002
5003
5004
5006
5009
5011
5012
5018
5019
5021
5023
5024
5027
5029
5030
5031
5032
5038
5039
5043
5044
5051
5052
5055
5057
5059
5061
5063
5064
5068
5070
5071
5072
5073
5075
5076
5078
5080
5082
5083
5084
5090
5091
5092
5093
5094
5096
5097
5100
5101
5102
5104
5109
5111
5113
5114
5116
5117
5128
5132
5134
5137
5140
5142
5144
5146
5150
5152
5153
5154
5155
5156
5158
5159
5160
5162
5163
5164
5166
5168
5172
5173
5174
5178
5181
5186
5187
5188
5191
5192
5193
5195
5196
5199
5200
5201
5202
5203
5204
5206
5207
5210
5215
5216
5218
5220
5221
5223
5224
5229
5230
5232
5233
5236
5238
5240
5241
5242
5243
5246
5247
5248
5251
5253
5254
5255
5256
5257
5259
5260
5262
5265
5267
5268
5269
5271
5272
5274
5275
5278
5279
5280
5281
5283
5286
5287
5288
5289
5290
5294
5296
5299
5300
5301
5302
5303
5304
5305
5306
5307
5312
5313
5314
5318
5320
5321
5324
5325
5326
5328
5330
5331
5334
5335
5336
5337
5338
5339
5340
5341
5342
5343
5344
5345
5346
5347
5350
5351
5352
5353
5355
5356
5357
5360
5361
5362
5363
5364
5365
5366
5367
5368
5370
5371
5372
5373
5375
5376
5377
5379
5380
5385
5386
5388
5389
5391
5392
5394
5396
5398
5399
5400
5401
5406
5407
5408
5409
5410
5411
5412
5415
5416
5417
5418
5419
5420
5421
5426
5427
5430
5431
5433
5434
5439
5440
5448
5449
5452
5468
5470
5473
5474
5475
5476
5479
5480
5482
5485
5487
5488
5491
5494
5496
5497
5498
5499
5500
5503
5504
5507
5508
5510
5511
5512
5513
5514
5519
5520
5522
5524
5525
5526
5527
5530
5531
5532
5533
5534
5535
5536
5537
5540
5541
5543
5545
5546
5547
5548
5550
5552
5553
5554
5555
5556
5557
5558
5559
5560
5561
5563
5564
5566
5567
5568
5569
5573
5574
5575
5576
5577
5578
5579
5581
5582
5585
5586
5587
5588
5589
5591
5592
5593
5594
5596
5597
5599
5600
5602
5604
5606
5607
5609
5611
5612
5613
5614
5615
5616
5617
5618
5619
5620
5621
5622
5623
5625
5626
5627
5628
5631
5632
5633
5635
5637
5638
5642
5643
5644
5645
5646
5647
5648
5649
5651
5652
5653
5656
5657
5658
5659
5660
5661
5662
5663
5664
5665
5667
5668
5669
5670
5674
5678
5681
5692
5701
5702
5703
5706
5707
5709
5710
5712
5715
5718
5720
5722
5723
5724
5731
5735
5744
5745
5746
5747
5748
5749
5750
5753
5754
5757
5758
5760
5763
5765
5767
5768
5769
5770
5772
5773
5774
5775
5776
5778
5779
5781
5787
5789
5794
5795
5796
5800
5804
5806
5807
5808
5809
5811
5812
5813
5814
5818
5819
5820
5825
5827
5833
5835
5838
5841
5843
5856
5857
5861
5863
5865
5871
5874
5877
5881
5882
5885
5892
5894
5901
5903
5905
5907
5908
5909
5911
5919
5920
5923
5931
5935
5936
5938
5939
5940
5943
5944
5946
5947
5948
5951
5953
5954
5955
5959
5971
5975
5979
5981
5989
5993
6007
6009
6011
6015
6017
6019
6021
6025
6029
6031
6033
6041
6049
6061
6065
6075
6083
6087
6089
6093
6097
6099
6101
6103
6106
6107
6122
6129
6130
6134
6138
6153
6155
6159
6160
6161
6163
6166
6167
6172
6174
6176
6177
6178
6180
6181
6182
6183
6184
6185
6186
6187
6188
6191
6192
6194
6195
6196
6197
6200
6201
6202
6204
6205
6207
6211
6213
6215
6216
6217
6218
6219
6221
6222
6223
6225
6226
6227
6228
6230
6231
6233
6235
6236
6237
6238
6240
6243
6247
6249
6253
6256
6260
6261
6268
6269
6272
6273
6274
6276
6279
6280
6281
6282
6286
6288
6289
6292
6296
6297
6298
6299
6300
6302
6306
6309
6313
6314
6315
6316
6318
6319
6320
6322
6325
6326
6328
6330
6332
6335
6339
6340
6341
6342
6345
6346
6347
6349
6350
6351
6352
6354
6356
6357
6358
6359
6361
6362
6363
6364
6365
6366
6367
6368
6371
6375
6376
6377
6378
6379
6380
6381
6383
6384
6385
6386
6387
6388
6389
6390
6391
6392
6393
6394
6395
6396
6397
6398
6399
6401
6402
6403
6405
6406
6407
6408
6410
6415
6416
6417
6418
6419
6420
6421
6423
6424
6425
6426
6427
6428
6429
6431
6432
6433
6435
6436
6438
6439
6440
6441
6442
6444
6445
6446
6447
6448
6449
6450
6451
6456
6458
6459
6460
6461
6463
6465
6467
6468
6469
6470
6471
6472
6473
6474
6475
6476
6478
6479
6480
6481
6482
6483
6486
6487
6488
6489
6490
6491
6492
6495
6496
6497
6498
6499
6500
6502
6504
6507
6508
6511
6513
6517
6518
6519
6520
6521
6523
6524
6527
6528
6529
6530
6531
6532
6533
6535
6536
6537
6538
6541
6542
6543
6544
6545
6546
6548
6549
6550
6552
6555
6559
6560
6563
6567
6568
6569
6571
6575
6576
6577
6578
6579
6581
6582
6583
6584
6585
6586
6587
6588
6589
6590
6591
6592
6593
6594
6595
6598
6599
6600
6601
6602
6603
6604
6605
6606
6607
6608
6610
6611
6612
6614
6615
6616
6617
6619
6620
6622
6623
6624
6625
6626
6627
6629
6630
6631
6632
6636
6639
6640
6642
6644
6646
6650
6652
6654
6656
6660
6662
6664
6670
6672
6674
6676
6678
6683
6687
6689
6691
6693
6695
6697
6699
6700
6701
6702
6703
6705
6706
6707
6708
6709
6710
6711
6712
6713
6714
6715
6716
6717
6718
6720
6721
6722
6723
6724
6725
6726
6727
6728
6729
6730
6732
6733
6734
6735
6736
6737
6738
6741
6742
6745
6750
6751
6752
6753
6756
6759
6760
6761
6762
6764
6765
6767
6768
6769
6770
6772
6774
6775
6776
6777
6778
6779
6780
6781
6782
6783
6785
6788
6789
6790
6791
6792
6793
6794
6795
6796
6797
6798
6799
6800
6801
6802
6803
6804
6805
6807
6808
6809
6810
6811
6812
6813
6814
6815
6816
6821
6823
6825
6827
6829
6830
6834
6835
6836
6838
6843
6845
6847
6849
6850
6851
6852
6853
6866
6869
6875
6877
6879
6882
6884
6885
6886
6887
6891
6894
6898
6899
6901
6912
6916
6919
6920
6921
6922
6924
6926
6928
6929
6931
6932
6933
6935
6939
6940
6942
6943
6944
6945
6950
6961
6962
6963
6964
6965
6966
6976
6977
6978
6979
6980
6981
6982
6983
6984
6985
6986
6989
6990
6992
6993
6994
6995
6998
7000
7001
7002
7003
7004
7005
7006
7007
7009
7011
7015
7019
7020
7021
7022
7023
7024
7026
7027
7028
7029
7030
7031
7032
7033
7034
7035
7038
7040
7041
7042
7043
7044
7045
7046
7047
7050
7051
7052
7053
7055
7056
7057
7058
7059
7061
7062
7063
7071
7072
7075
7076
7080
7083
7086
7087
7088
7089
7090
7091
7093
7094
7095
7097
7100
7101
7104
7105
7106
7107
7108
7110
7111
7112
7113
7114
7115
7116
7117
7118
7119
7120
7123
7126
7129
7130
7131
7132
7137
7138
7139
7140
7141
7142
7143
7147
7150
7151
7154
7158
7160
7161
7162
7163
7165
7166
7167
7174
7175
7181
7184
7187
7193
7197
7198
7201
7204
7207
7210
7211
7212
7220
7222
7223
7225
7227
7229
7230
7231
7232
7233
7234
7236
7243
7245
7248
7249
7252
7254
7256
7257
7258
7262
7266
7267
7271
7272
7273
7282
7284
7285
7287
7290
7293
7294
7295
7298
7299
7300
7302
7304
7305
7306
7311
7313
7315
7317
7318
7321
7323
7324
7332
7336
7337
7338
7340
7341
7344
7345
7346
7347
7352
7355
7361
7363
7367
7368
7371
7374
7377
7379
7381
7383
7384
7386
7389
7390
7391
7392
7395
7396
7398
7399
7403
7404
7408
7409
7410
7411
7415
7416
7419
7420
7424
7425
7428
7429
7432
7436
7439
7440
7441
7442
7444
7445
7446
7447
7449
7451
7456
7464
7473
7475
7476
7479
7480
7483
7484
7490
7492
7493
7494
7496
7500
7503
7508
7509
7512
7520
7521
7523
7530
7535
7536
7538
7539
7540
7542
7544
7546
7550
7554
7557
7562
7568
7570
7574
7581
7583
7590
7591
7593
7594
7598
7601
7602
7603
7604
7606
7608
7609
7621
7622
7623
7624
7625
7626
7627
7628
7629
7630
7631
7632
7634
7635
7636
7637
7638
7639
7640
7641
7642
7644
7645
7646
7647
7648
7649
7651
7653
7654
7656
7657
7659
7660
7661
7662
7668
7669
7670
7671
7672
7674
7679
7686
7687
7691
7692
7694
7695
7696
7697
7698
7699
7701
7702
7703
7705
7706
7709
7711
7712
7713
7716
7719
7722
7727
7730
7734
7735
7736
7737
7739
7744
7746
7754
7755
7756
7758
7760
7761
7762
7764
7765
7766
7767
7768
7770
7771
7775
7776
7777
7778
7779
7780
7782
7784
7785
7786
7788
7789
7791
7795
7799
7802
7804
7807
7812
7813
7815
7817
7819
7820
7822
7823
7825
7826
7831
7834
7836
7838
7839
7840
7843
7844
7845
7846
7847
7851
7853
7854
7855
7860
7867
7869
7871
7873
7876
7877
7878
7880
7881
7882
7887
7890
7891
7892
7896
7897
7898
7899
7902
7903
7905
7906
7911
7912
7913
7914
7916
7919
7920
7921
7923
7926
7927
7929
7930
7932
7934
7935
7936
7937
7938
7940
7942
7943
7946
7947
7948
7950
7951
7952
7953
7955
7956
7957
7958
7960
7961
7962
7964
7965
7966
7967
7968
7971
7974
7975
7976
7977
7981
7983
7984
7985
7987
7990
7991
7993
7995
7997
7998
8002
8003
8004
8005
8009
8014
8017
8021
8025
8030
8039
8042
8044
8047
8048
8059
8062
8066
8067
8070
8074
8079
8083
8086
8088
8094
8104
8106
8109
8110
8111
8112
8113
8117
8118
8119
8120
8121
8123
8124
8125
8126
8130
8131
8132
8133
8134
8135
8136
8137
8138
8139
8141
8142
8143
8144
8145
8146
8147
8148
8149
8150
8151
8153
8154
8155
8156
8157
8158
8159
8160
8161
8162
8166
8167
8168
8169
8170
8173
8174
8178
8179
8180
8181
8182
8183
8185
8186
8187
8188
8190
8191
8192
8193
8194
8195
8196
8197
8198
8199
8200
8202
8203
8204
8207
8208
8209
8210
8214
8216
8220
8221
8222
8223
8224
8225
8227
8228
8229
8231
8234
8236
8237
8239
8241
8244
8245
8246
8249
8251
8252
8256
8257
8260
8261
8262
8263
8264
8265
8267
8268
8273
8274
8276
8281
8284
8285
8286
8287
8289
8292
8295
8297
8298
8299
8303
8310
8311
8315
8316
8317
8318
8319
8322
8325
8326
8331
8334
8335
8345
8346
8347
8351
8353
8355
8357
8358
8359
8361
8362
8364
8365
8366
8368
8369
8370
8371
8372
8373
8374
8377
8378
8379
8383
8386
8388
8389
8390
8393
8396
8397
8398
8399
8401
8402
8403
8405
8406
8407
8411
8413
8415
8417
8418
8419
8421
8424
8425
8430
8431
8435
8437
8438
8439
8443
8444
8447
8449
8463
8464
8470
8477
8481
8482
8483
8484
8491
8493
8499
8501
8502
8503
8511
8516
8517
8518
8521
8522
8527
8530
8531
8533
8534
8539
8540
8543
8547
8553
8554
8555
8557
8558
8560
8562
8565
8567
8568
8570
8571
8572
8573
8576
8578
8580
8581
8584
8592
8594
8598
8603
8604
8605
8606
8607
8615
8616
8618
8619
8620
8623
8624
8625
8631
8635
8643
8646
8647
8649
8651
8655
8657
8658
8669
8670
8678
8684
8685
8689
8697
8701
8702
8703
8704
8705
8707
8708
8710
8711
8712
8713
8714
8715
8719
8720
8722
8723
8724
8725
8726
8727
8730
8731
8732
8733
8735
8739
8740
8744
8745
8746
8748
8749
8751
8754
8756
8757
8758
8761
8763
8764
8765
8766
8767
8768
8770
8771
8772
8773
8777
8778
8780
8781
8783
8785
8786
8787
8789
8792
8794
8798
8801
8803
8806
8807
8810
8812
8814
8819
8821
8822
8823
8826
8828
8830
8831
8832
8833
8834
8835
8836
8838
8842
8845
8848
8849
8850
8852
8861
8862
8863
8864
8865
8867
8868
8869
8871
8872
8873
8874
8875
8876
8877
8878
8879
8880
8881
8883
8886
8887
8888
8890
8891
8892
8893
8895
8897
8900
8901
8902
8903
8904
8905
8906
8907
8908
8909
8910
8912
8913
8914
8915
8917
8920
8921
8923
8926
8929
8930
8931
8932
8933
8935
8936
8937
8938
8942
8943
8944
8947
8948
8949
8950
8951
8952
8953
8955
8956
8958
8959
8961
8962
8963
8965
8966
8967
8969
8970
8971
8972
8973
8974
8975
8979
8981
8982
8984
8985
8988
8989
8990
8991
8993
8994
8995
8996
8997
8998
8999
9000
9001
9002
9003
9005
9006
9008
9009
9011
9012
9014
9015
9017
9019
9020
9021
9022
9023
9025
9027
9028
9030
9031
9032
9033
9034
9035
9036
9037
9038
9039
9040
9044
9047
9049
9050
9052
9053
9054
9055
9056
9059
9062
9066
9069
9070
9071
9073
9074
9076
9078
9080
9084
9086
9087
9088
9089
9092
9094
9096
9097
9099
9100
9103
9104
9105
9106
9107
9111
9113
9115
9116
9119
9122
9125
9126
9128
9129
9130
9131
9132
9134
9135
9136
9138
9139
9141
9142
9143
9145
9146
9147
9148
9150
9151
9154
9155
9156
9157
9159
9160
9161
9166
9168
9169
9170
9173
9174
9175
9177
9178
9181
9182
9184
9185
9187
9188
9189
9193
9194
9195
9197
9198
9200
9201
9207
9210
9211
9213
9214
9216
9217
9218
9220
9221
9222
9223
9224
9225
9227
9228
9232
9233
9234
9237
9239
9240
9242
9243
9244
9245
9246
9247
9248
9250
9252
9255
9256
9257
9260
9261
9262
9263
9265
9268
9270
9273
9274
9275
9277
9278
9280
9283
9284
9287
9290
9291
9293
9294
9298
9299
9300
9301
9302
9303
9304
9310
9312
9313
9314
9317
9318
9321
9322
9323
9324
9326
9327
9328
9329
9330
9331
9332
9336
9337
9338
9339
9343
9346
9347
9355
9356
9357
9359
9360
9361
9364
9367
9372
9373
9376
9378
9380
9381
9384
9385
9386
9389
9390
9391
9392
9393
9394
9395
9396
9397
9399
9400
9401
9402
9405
9406
9407
9409
9410
9414
9415
9416
9418
9419
9422
9423
9426
9427
9428
9429
9431
9432
9433
9434
9435
9436
9438
9439
9440
9441
9442
9443
9444
9447
9448
9449
9451
9452
9454
9455
9456
9458
9460
9461
9463
9464
9465
9466
9467
9468
9473
9474
9475
9477
9478
9479
9480
9481
9483
9484
9485
9488
9492
9493
9494
9495
9496
9501
9502
9503
9510
9511
9516
9519
9521
9522
9523
9524
9526
9531
9532
9534
9535
9536
9537
9542
9545
9546
9548
9549
9553
9554
9557
9559
9560
9561
9562
9563
9566
9567
9569
9571
9573
9577
9578
9579
9580
9581
9582
9587
9588
9589
9591
9593
9594
9596
9597
9601
9602
9603
9606
9607
9609
9610
9612
9613
9615
9617
9618
9622
9624
9625
9627
9629
9630
9631
9633
9634
9635
9639
9640
9641
9642
9643
9644
9646
9647
9648
9652
9656
9657
9659
9661
9669
9670
9671
9673
9677
9680
9681
9683
9685
9686
9690
9692
9694
9695
9697
9698
9702
9703
9704
9705
9706
9707
9718
9719
9720
9724
9726
9732
9733
9739
9740
9745
9746
9747
9748
9749
9751
9752
9757
9760
9762
9763
9764
9765
9768
9769
9770
9772
9773
9774
9775
9776
9777
9778
9779
9780
9783
9784
9785
9786
9787
9788
9789
9791
9793
9798
9799
9804
9806
9808
9809
9810
9811
9813
9815
9816
9819
9820
9821
9823
9824
9825
9826
9827
9828
9830
9833
9835
9838
9839
9840
9841
9842
9843
9844
9845
9846
9848
9849
9850
9851
9853
9855
9857
9861
9865
9867
9871
9872
9873
9876
9877
9878
9879
9882
9883
9884
9885
9886
9888
9892
9895
9896
9897
9899
9900
9902
9903
9904
9908
9909
9912
9913
9914
9916
9917
9918
9919
9921
9922
9923
9924
9927
9928
9931
9932
9933
9934
9936
9937
9939
9941
9942
9944
9946
9947
9948
9950
9951
9952
9954
9955
9956
9957
9958
9959
9960
9961
9962
9963
9964
9965
9966
9967
9968
9969
9970
9971
9972
9973
9975
9977
9979
9980
9984
9985
9987
9988
9991
9992
9993
9994
9995
9996
9997
9998
10001
10002
10004
10005
10006
10009
10010
10011
10012
10013
10014
10015
10016
10017
10023
10024
10025
10026
10027
10028
10029
10030
10031
10032
10034
10036
10037
10038
10039
10040
10041
10042
10044
10045
10046
10048
10049
10094
10101
10108
10116
10118
10124
10126
10128
10130
10132
10134
10140
10142
10144
10146
10149
10151
10152
10154
10157
10158
10160
10166
10167
10175
10177
10180
10184
10191
10192
10194
10195
10196
10198
10199
10200
10201
10202
10203
10205
10206
10208
10209
10210
10212
10213
10214
10215
10216
10217
10218
10219
10220
10221
10222
10224
10225
10226
10227
10228
10229
10230
10231
10233
10234
10237
10238
10239
10241
10242
10243
10244
10245
10247
10248
10249
10250
10251
10253
10254
10257
10258
10259
10260
10263
10264
10267
10268
10269
10271
10276
10277
10278
10279
10281
10282
10283
10284
10289
10290
10291
10292
10300
10302
10306
10307
10308
10309
10311
10312
10323
10332
10339
10347
10359
10361
10367
10370
10372
10374
10376
10378
10380
10382
10389
10390
10391
10394
10396
10397
10399
10400
10402
10403
10404
10405
10407
10408
10412
10415
10416
10418
10420
10422
10423
10427
10428
10430
10431
10433
10434
10435
10436
10437
10438
10439
10440
10441
10442
10443
10444
10445
10446
10447
10449
10451
10453
10455
10456
10457
10458
10459
10460
10461
10462
10463
10465
10466
10467
10468
10469
10470
10471
10472
10473
10474
10475
10476
10477
10478
10480
10481
10483
10484
10486
10487
10488
10490
10496
10497
10498
10499
10500
10501
10506
10507
10510
10513
10515
10516
10517
10519
10520
10521
10522
10525
10526
10527
10528
10530
10531
10532
10533
10534
10535
10536
10537
10538
10539
10540
10541
10543
10545
10546
10547
10548
10549
10550
10560
10561
10562
10564
10565
10570
10571
10574
10575
10577
10578
10579
10580
10581
10584
10585
10586
10587
10588
10589
10591
10592
10595
10596
10597
10598
10599
10601
10602
10603
10604
10606
10607
10608
10609
10611
10612
10613
10614
10616
10617
10618
10619
10620
10622
10623
10624
10626
10627
10628
10629
10630
10631
10633
10634
10635
10638
10641
10642
10643
10644
10645
10646
10647
10648
10649
10650
10651
10652
10653
10654
10655
10656
10657
10658
10659
10660
10661
10662
10664
10665
10667
10668
10669
10670
10671
10672
10673
10674
10675
10676
10677
10678
10681
10682
10683
10684
10685
10686
10687
10688
10689
10690
10691
10692
10693
10694
10695
10696
10697
10698
10699
10701
10702
10703
10704
10705
10706
10707
10708
10709
10710
10711
10712
10713
10714
10717
10718
10719
10720
10721
10722
10723
10724
10725
10726
10727
10728
10729
10730
10733
10735
10736
10737
10738
10740
10743
10750
10751
10752
10753
10754
10755
10757
10758
10759
10760
10761
10763
10764
10766
10767
10768
10769
10770
10771
10772
10773
10774
10775
10776
10778
10779
10780
10781
10782
10783
10784
10785
10786
10787
10788
10789
10790
10791
10792
10793
10794
10795
10796
10797
10798
10799
10800
10801
10802
10803
10804
10805
10806
10807
10808
10810
10811
10812
10813
10814
10815
10816
10817
10819
10820
10821
10822
10823
10824
10825
10826
10827
10829
10832
10833
10835
10836
10837
10838
10841
10842
10843
10844
10845
10846
10848
10849
10851
10853
10854
10856
10857
10858
10859
10861
10862
10864
10865
10866
10867
10869
10870
10871
10872
10874
10877
10879
10882
10883
10884
10885
10886
10888
10889
10890
10891
10893
10895
10896
10897
10898
10899
10900
10901
10902
10903
10904
10906
10908
10909
10910
10912
10913
10915
10916
10917
10918
10919
10922
10923
10925
10929
10931
10932
10933
10935
10936
10938
10939
10940
10942
10943
10944
10945
10946
10947
10948
10949
10950
10952
10954
10956
10959
10960
10961
10962
10963
10964
10966
10967
10968
10969
10970
10971
10972
10974
10975
10976
10977
10979
10980
10981
10982
10983
10984
10985
10987
10989
10990
10991
10992
10993
10994
10995
10996
10997
10998
10999
11000
11001
11002
11004
11005
11006
11007
11008
11009
11011
11012
11013
11014
11015
11016
11017
11018
11019
11020
11021
11022
11023
11024
11025
11026
11027
11028
11030
11031
11032
11033
11035
11036
11037
11039
11040
11041
11042
11043
11044
11045
11048
11051
11052
11053
11054
11055
11057
11058
11059
11060
11061
11062
11063
11064
11065
11066
11068
11069
11070
11071
11072
11073
11075
11076
11078
11080
11081
11082
11083
11084
11085
11086
11087
11088
11089
11090
11091
11092
11093
11094
11095
11096
11098
11100
11101
11102
11103
11104
11105
11107
11108
11109
11110
11112
11113
11114
11115
11116
11117
11118
11119
11121
11122
11123
11124
11125
11126
11127
11128
11130
11131
11132
11133
11134
11135
11136
11137
11138
11139
11140
11142
11143
11144
11146
11147
11148
11149
11151
11152
11153
11154
11155
11156
11157
11158
11159
11160
11161
11163
11164
11165
11166
11167
11168
11169
11170
11171
11172
11173
11174
11175
11176
11178
11180
11181
11182
11183
11184
11185
11186
11189
11190
11191
11192
11193
11194
11195
11196
11197
11199
11203
11204
11205
11206
11207
11208
11209
11211
11212
11213
11214
11215
11216
11217
11218
11220
11221
11222
11223
11224
11225
11226
11228
11229
11230
11231
11232
11233
11234
11235
11236
11237
11238
11239
11240
11241
11242
11243
11244
11245
11246
11248
11249
11250
11251
11252
11254
11255
11257
11258
11259
11260
11261
11262
11263
11264
11267
11268
11269
11270
11271
11273
11274
11275
11277
11278
11279
11281
11282
11283
11284
11285
11286
11287
11288
11289
11290
11291
11292
11294
11295
11296
11297
11298
11299
11301
11305
11306
11307
11308
11309
11310
11311
11312
11313
11314
11315
11316
11317
11318
11319
11320
11322
11324
11325
11326
11327
11328
11329
11330
11331
11332
11333
11334
11335
11336
11337
11338
11339
11340
11341
11342
11343
11344
11346
11347
11349
11351
11352
11353
11355
11356
11357
11359
11360
11361
11362
11363
11364
11365
11366
11367
11368
11369
11370
11371
11372
11373
11374
11375
11376
11377
11378
11379
11380
11381
11382
11383
11384
11385
11386
11387
11388
11389
11390
11391
11392
11394
11395
11396
11397
11398
11399
11400
11401
11402
11403
11404
11405
11406
11407
11408
11409
11410
11411
11412
11413
11414
11415
11416
11418
11420
11421
11422
11423
11424
11429
11430
11431
11433
11434
11435
11437
11438
11439
11440
11441
11442
11443
11444
11445
11446
11447
11448
11449
11452
11453
11456
11457
11463
11464
11466
11467
11470
11472
11475
11478
11479
11480
11481
11482
11483
11484
11485
11487
11488
11491
11492
11493
11495
11497
11499
11500
11501
11502
11503
11504
11505
11506
11507
11508
11512
11514
11515
11516
11517
11518
11519
11520
11521
11522
11524
11525
11526
11527
11528
11529
11531
11532
11533
11534
11535
11536
11537
11538
11539
11540
11541
11542
11543
11544
11545
11546
11547
11548
11549
11550
11551
11554
11555
11556
11557
11559
11561
11562
11563
11565
11566
11567
11568
11569
11570
11573
11575
11576
11578
11579
11580
11581
11583
11584
11585
11586
11588
11589
11590
11591
11592
11593
11594
11595
11596
11597
11598
11599
11600
11602
11603
11605
11606
11607
11609
11610
11611
11612
11614
11618
11619
11621
11626
11627
11629
11630
11631
11632
11633
11634
11635
11636
11638
11639
11640
11641
11643
11644
11646
11648
11649
11650
11651
11652
11654
11656
11657
11658
11659
11660
11661
11662
11665
11666
11668
11670
11671
11672
11673
11674
11675
11677
11678
11679
11680
11681
11682
11683
11685
11687
11688
11689
11690
11692
11693
11694
11696
11698
11699
11700
11701
11702
11703
11704
11705
11708
11709
11711
11712
11713
11716
11720
11721
11723
11724
11726
11727
11728
11729
11730
11731
11734
11735
11736
11737
11738
11739
11743
11746
11747
11749
11750
11751
11752
11753
11754
11755
11757
11759
11760
11761
11763
11767
11769
11770
11771
11772
11773
11774
11775
11776
11777
11778
11780
11781
11782
11783
11784
11785
11786
11787
11788
11789
11790
11791
11792
11793
11794
11795
11797
11799
11800
11801
11802
11803
11804
11805
11806
11807
11808
11810
11812
11813
11814
11815
11824
11826
11828
11831
11832
11833
11834
11835
11837
11838
11840
11841
11842
11843
11845
11846
11847
11848
11852
11853
11854
11855
11856
11858
11859
11860
11861
11863
11864
11865
11867
11868
11869
11870
11874
11875
11876
11878
11882
11883
11884
11886
11887
11892
11894
11895
11896
11898
11899
11901
11902
11903
11904
11908
11909
11910
11911
11913
11915
11916
11917
11918
11919
11921
11922
11923
11924
11925
11926
11927
11929
11931
11933
11934
11935
11936
11939
11940
11942
11943
11944
11945
11946
11947
11949
11950
11953
11957
11960
11961
11962
11963
11964
11967
11968
11969
11970
11971
11972
11973
11974
11975
11976
11977
11978
11980
11981
11982
11983
11984
11986
11987
11989
11990
11991
11992
11993
11994
11995
11996
11997
11998
11999
12000
12001
12002
12003
12005
12006
12008
12009
12010
12011
12012
12013
12014
12015
12016
12017
12019
12020
12021
12022
12024
12025
12026
12027
12028
12029
12030
12038
12044
12045
12046
12048
12049
12050
12051
12052
12053
12056
12058
12060
12061
12062
12063
12064
12065
12066
12067
12068
12069
12072
12073
12074
12075
12076
12077
12078
12079
12080
12082
12083
12084
12085
12086
12087
12088
12089
12090
12091
12092
12093
12094
12095
12096
12097
12098
12099
12100
12105
12106
12107
12108
12109
12110
12112
12113
12114
12115
12116
12118
12120
12121
12122
12123
12124
12126
12128
12131
12135
12136
12137
12139
12142
12144
12145
12146
12147
12149
12150
12151
12153
12154
12155
12157
12158
12159
12165
12166
12167
12169
12170
12171
12179
12180
12181
12182
12183
12184
12185
12187
12188
12189
12190
12191
12192
12193
12194
12195
12196
12197
12198
12199
12200
12201
12202
12203
12204
12205
12206
12207
12208
12209
12210
12211
12212
12213
12214
12215
12216
12217
12219
12220
12221
12223
12225
12226
12228
12229
12230
12231
12232
12234
12235
12236
12237
12238
12239
12240
12241
12242
12243
12244
12245
12246
12247
12248
12249
12250
12251
12252
12253
12255
12256
12257
12258
12259
12262
12263
12264
12265
12267
12269
12270
12271
12272
12274
12275
12276
12277
12279
12280
12281
12282
12285
12286
12287
12288
12289
12290
12292
12293
12294
12295
12296
12298
12299
12301
12303
12304
12305
12306
12307
12309
12310
12311
12313
12314
12315
12318
12319
12320
12321
12322
12323
12324
12325
12326
12327
12328
12329
12330
12331
12332
12335
12337
12338
12339
12340
12342
12346
12347
12348
12350
12351
12354
12355
12357
12358
12359
12360
12361
12362
12363
12364
12365
12366
12367
12368
12369
12370
12371
12372
12373
12374
12378
12379
12383
12384
12385
12386
12387
12388
12390
12392
12393
12394
12395
12398
12399
12400
12401
12402
12403
12404
12405
12406
12407
12408
12409
12410
12411
12412
12413
12414
12415
12416
12418
12419
12421
12422
12424
12427
12428
12429
12431
12432
12433
12434
12435
12436
12437
12439
12441
12442
12443
12444
12445
12446
12447
12448
12449
12450
12454
12455
12457
12458
12459
12460
12461
12462
12463
12464
12466
12468
12469
12470
12478
12484
12485
12486
12487
12488
12489
12490
12491
12493
12494
12495
12496
12497
12501
12502
12505
12506
12508
12509
12510
12511
12512
12515
12517
12520
12521
12522
12524
12525
12526
12527
12528
12531
12534
12536
12538
12540
12541
12542
12543
12544
12545
12546
12547
12550
12553
12554
12557
12559
12560
12563
12566
12567
12568
12569
12570
12571
12573
12574
12575
12579
12580
12581
12582
12583
12585
12586
12587
12588
12589
12591
12595
12597
12599
12600
12601
12602
12603
12604
12605
12606
12607
12608
12609
12610
12611
12612
12613
12614
12615
12616
12617
12618
12619
12621
12623
12624
12625
12626
12627
12628
12629
12630
12631
12632
12634
12636
12637
12641
12642
12643
12644
12645
12646
12648
12651
12652
12653
12654
12656
12657
12658
12661
12662
12663
12664
12666
12667
12668
12669
12670
12672
12676
12679
12681
12682
12683
12684
12685
12686
12687
12690
12691
12692
12693
12694
12695
12696
12697
12698
12699
12700
12701
12702
12703
12704
12706
12707
12711
12712
12713
12715
12716
12718
12719
12721
12722
12723
12724
12725
12726
12728
12731
12732
12733
12735
12736
12737
12738
12739
12740
12742
12745
12747
12750
12753
12755
12756
12757
12759
12761
12762
12764
12765
12766
12767
12768
12769
12770
12771
12772
12773
12774
12776
12777
12778
12779
12781
12782
12783
12785
12786
12788
12789
12790
12792
12793
12794
12795
12797
12798
12799
12800
12801
12802
12803
12804
12805
12808
12809
12811
12812
12813
12824
12825
12827
12829
12830
12831
12832
12833
12834
12835
12836
12837
12838
12839
12840
12842
12843
12844
12845
12846
12847
12848
12849
12850
12851
12852
12853
12854
12855
12856
12857
12858
12859
12860
12861
12862
12863
12864
12866
12867
12868
12870
12871
12874
12875
12876
12877
12878
12879
12880
12881
12882
12883
12884
12885
12888
12889
12890
12891
12892
12893
12894
12895
12896
12897
12898
12899
12900
12902
12903
12904
12905
12906
12907
12908
12910
12913
12914
12915
12916
12917
12918
12920
12921
12922
12923
12924
12925
12926
12927
12928
12929
12930
12932
12933
12934
12935
12936
12937
12938
12939
12940
12941
12942
12943
12944
12945
12946
12947
12948
12949
12950
12951
12952
12959
12960
12962
12963
12964
12965
12966
12967
12968
12969
12970
12971
12972
12973
12975
12977
12978
12980
12981
12982
12983
12984
12985
12986
12987
12988
12989
12990
12992
12993
12994
12995
12996
12998
13000
13002
13006
13007
13008
13009
13010
13011
13012
13013
13016
13017
13019
13020
13022
13023
13024
13025
13026
13028
13029
13031
13032
13033
13034
13035
13037
13039
13041
13042
13043
13044
13045
13046
13047
13048
13049
13050
13051
13052
13054
13055
13056
13057
13058
13059
13061
13063
13064
13066
13067
13068
13069
13070
13072
13073
13074
13075
13076
13077
13078
13079
13080
13081
13083
13084
13085
13087
13088
13091
13093
13094
13095
13096
13097
13098
13099
13100
13101
13102
13103
13104
13105
13106
13109
13110
13113
13114
13117
13119
13121
13122
13123
13124
13125
13126
13127
13128
13134
13140
13144
13145
13151
13152
13153
13154
13155
13156
13157
13159
13162
13163
13164
13166
13167
13168
13169
13170
13171
13172
13173
13176
13177
13180
13182
13183
13185
13187
13188
13189
13190
13191
13192
13195
13196
13197
13200
13201
13204
13205
13207
13209
13212
13213
13214
13217
13224
13226
13227
13228
13229
13230
13233
13234
13236
13237
13240
13241
13242
13243
13244
13245
13246
13247
13248
13250
13251
13252
13253
13255
13256
13257
13260
13261
13262
13263
13268
13271
13274
13276
13277
13280
13281
13282
13283
13285
13287
13289
13290
13291
13295
13296
13297
13300
13301
13304
13308
13312
13313
13315
13318
13319
13322
13324
13325
13326
13330
13331
13332
13333
13336
13337
13341
13342
13346
13347
13348
13351
13352
13355
13356
13357
13358
13360
13362
13363
13365
13368
13369
13370
13371
13372
13373
13374
13375
13376
13377
13378
13379
13380
13381
13382
13383
13384
13385
13386
13387
13388
13389
13390
13391
13392
13393
13394
13395
13396
13397
13398
13399
13400
13401
13402
13403
13404
13405
13406
13407
13408
13409
13410
13411
13412
13413
13414
13415
13416
13423
13426
13427
13428
13431
13432
13433
13434
13435
13436
13439
13441
13442
13443
13448
13456
13458
13459
13461
13463
13465
13468
13471
13472
13474
13491
13495
13496
13501
13504
13507
13511
13516
13529
13535
13538
13540
13544
13545
13549
13551
13558
13560
13665
13675
13678
13681
13682
13689
13692
13694
13698
13699
13703
13704
13705
13707
13709
13710
13711
13714
13715
13718
13720
13722
13723
13725
13729
13730
13731
13732
13733
13737
13738
13739
13740
13741
13743
13744
13745
13747
13748
13751
13752
13758
13759
13761
13764
13770
13773
13777
13778
13785
13786
13787
13788
13789
13791
13792
13793
13798
13801
13805
13806
13810
13812
13834
13835
13837
13839
13840
13842
13844
13846
13847
13848
13850
13852
13853
13855
13858
13862
13863
13867
13870
13871
13873
13876
13878
13889
13892
13893
13902
13911
13912
13915
13917
13918
13919
13923
13926
13927
13932
13941
13942
13945
13947
13950
13957
13959
13961
13970
13971
13972
13974
13977
13982
13983
13985
13986
13991
13998
13999
14001
14013
14022
14027
14028
14058
14065
14077
14081
14082
14093
14094
14095
14096
14097
14100
14103
14106
14107
14108
14115
14117
14118
14119
14120
14123
14124
14126
14127
14128
14133
14134
14136
14138
14139
14144
14145
14148
14152
14153
14154
14156
14157
14159
14160
14161
14162
14165
14171
14172
14173
14174
14175
14177
14180
14182
14183
14187
14192
14193
14198
14201
14203
14204
14205
14209
14215
14217
14218
14221
14222
14224
14225
14226
14227
14228
14229
14230
14232
14233
14235
14237
14239
14240
14241
14244
14245
14246
14248
14254
14256
14257
14259
14261
14263
14269
14272
14275
14279
14282
14283
14284
14287
14292
14295
14302
14303
14304
14308
14309
14310
14313
14314
14315
14317
14319
14320
14322
14323
14328
14330
14331
14332
14335
14338
14340
14341
14344
14345
14347
14349
14351
14352
14353
14354
14357
14358
14362
14363
14364
14365
14368
14369
14371
14372
14373
14374
14378
14379
14380
14381
14382
14383
14384
14387
14393
14394
14396
14399
14400
14401
14402
14403
14405
14407
14408
14417
14419
14423
14430
14437
14440
14446
14450
14453
14456
14458
14463
14470
14474
14476
14480
14481
14485
14486
14499
14504
14508
14516
14517
14521
14523
14527
14528
14529
14531
14535
14536
14537
14538
14540
14546
14554
14559
14566
14568
14570
14571
14576
14577
14580
14581
14587
14592
14593
14596
14598
14599
14600
14601
14603
14604
14606
14607
14611
14612
14613
14615
14618
14619
14621
14626
14628
14629
14630
14632
14633
14635
14637
14638
14639
14640
14641
14644
14645
14646
14647
14648
14649
14651
14652
14653
14654
14656
14659
14664
14665
14667
14670
14674
14675
14676
14677
14680
14683
14685
14688
14691
14696
14700
14701
14704
14706
14707
14711
14712
14719
14720
14721
14723
14725
14726
14727
14728
14733
14734
14736
14737
14738
14739
14740
14744
14745
14747
14750
14751
14752
14764
14765
14769
14773
14778
14780
14782
14792
14799
14802
14806
14810
14813
14820
14828
14829
14832
14837
14839
14842
14843
14850
14852
14853
14854
14858
14859
14861
14862
14863
14866
14869
14873
14877
14880
14881
14882
14883
14885
14886
14888
14889
14894
14896
14900
14907
14911
14919
14923
14929
14932
14940
14943
14944
14951
14952
14954
14960
14962
14963
14967
14969
14973
14977
14979
14980
14984
14986
14988
14990
14992
14993
14994
14998
14999
15001
15002
15008
15009
15011
15013
15014
15015
15019
15020
15023
15024
15026
15030
15035
15037
15040
15041
15042
15043
15051
15052
15055
15057
15059
15060
15061
15066
15070
15075
15076
15079
15085
15096
15104
15107
15108
15109
15112
15113
15116
15120
15123
15124
15129
15131
15132
15134
15136
15137
15138
15143
15144
15145
15146
15154
15156
15158
15162
15163
15164
15165
15167
15173
15175
15180
15181
15183
15196
15200
15207
15210
15211
15220
15222
15223
15224
15228
15232
15234
15242
15243
15245
15251
15253
15257
15266
15267
15277
15281
15284
15287
15288
15293
15295
15296
15297
15301
15302
15308
15314
15317
15319
15322
15334
15343
15362
15368
15387
15391
15393
15398
15401
15405
15406
15410
15415
15418
15429
15431
15432
15435
15438
15440
15442
15444
15445
15452
15460
15462
15463
15493
15494
15504
15518
15521
15523
15526
15528
15530
15531
15533
15538
15542
15544
15547
15549
15551
15552
15554
15569
15571
15581
15586
15587
15588
15594
15596
15599
15603
15604
15609
15610
15612
15615
15617
15618
15624
15626
15632
15634
15637
15643
15644
15652
15664
15667
15668
15670
15674
15676
15679
15683
15696
15698
15702
15703
15707
15708
15712
15714
15715
15721
15729
15739
15741
15742
15743
15744
15745
15748
15752
15754
15755
15757
15758
15763
15768
15769
15778
15784
15796
15802
15804
15806
15808
15809
15810
15811
15815
15819
15822
15826
15838
15851
15861
15869
15870
15871
15874
15878
15884
15886
15887
15893
15897
15898
15904
15906
15907
15909
15910
15914
15916
15917
15919
15921
15926
15931
15933
15943
15946
15949
15951
15954
15958
15965
15966
15968
15972
15973
15976
15977
15988
15992
15993
16000
16001
16018
16019
16021
16024
16029
16034
16037
16038
16042
16045
16058
16060
16063
16082
16083
16088
16100
16102
16105
16106
16115
16117
16125
16136
16137
16145
16154
16163
16168
16174
16179
16180
16182
16189
16191
16202
16203
16205
16211
16212
16215
16216
16218
16228
16229
16231
16233
16235
16239
16241
16242
16251
16255
16261
16264
16266
16268
16272
16278
16279
16285
16287
16288
16289
16292
16294
16295
16296
16298
16300
16304
16307
16310
16311
16314
16315
16316
16317
16319
16321
16324
16325
16327
16331
16332
16336
16340
16348
16351
16353
16358
16359
16363
16366
16368
16371
16372
16376
16380
16381
16383
16387
16391
16393
16404
16409
16413
16415
16418
16423
16426
16427
16432
16435
16436
16437
16440
16444
16446
16447
16448
16450
16456
16458
16459
16461
16462
16466
16467
16478
16482
16483
16484
16497
16499
16500
16501
16502
16503
16505
16506
16507
16509
16510
16514
16515
16516
16518
16520
16526
16529
16530
16532
16533
16535
16536
16539
16541
16542
16543
16544
16549
16551
16555
16556
16559
16564
16567
16568
16582
16584
16585
16586
16587
16588
16589
16590
16592
16594
16611
16614
16615
16617
16618
16619
16620
16622
16625
16627
16647
16649
16652
16655
16657
16661
16662
16664
16676
16683
16684
16701
16708
16717
16726
16734
16736
16737
16739
16744
16748
16750
16757
16762
16765
16770
16773
16774
16788
16789
16792
16800
16801
16803
16804
16805
16806
16807
16808
16809
16811
16812
16813
16816
16818
16823
16825
16827
16830
16831
16832
16835
16836
16838
16840
16841
16848
16855
16856
16868
16870
16871
16881
16882
16889
16895
16896
16903
16906
16908
16915
16916
16921
16922
16924
16927
16933
16949
16951
16959
16960
16961
16966
16968
16975
16977
16979
16991
16992
16997
17000
17004
17021
17026
17030
17031
17032
17033
17035
17037
17039
17040
17041
17042
17043
17045
17046
17047
17048
17050
17053
17054
17056
17057
17058
17059
17060
17061
17062
17063
17065
17066
17067
17069
17070
17072
17073
17074
17075
17078
17080
17081
17082
17083
17085
17087
17099
17102
17106
17111
17113
17114
17115
17116
17117
17118
17121
17122
17123
17124
17126
17127
17128
17129
17130
17131
17133
17134
17135
17136
17137
17138
17139
17140
17141
17142
17145
17146
17147
17148
17149
17150
17151
17152
17153
17157
17158
17159
17161
17162
17165
17166
17167
17168
17169
17170
17171
17180
17181
17183
17184
17185
17186
17187
17189
17190
17191
17195
17196
17197
17198
17200
17201
17202
17203
17205
17206
17207
17208
17210
17211
17212
17213
17214
17215
17216
17217
17218
17221
17222
17223
17224
17225
17226
17227
17228
17229
17230
17231
17232
17233
17234
17236
17237
17238
17239
17241
17242
17243
17245
17246
17247
17249
17250
17251
17252
17254
17256
17257
17258
17259
17260
17261
17263
17265
17266
17267
17268
17269
17270
17271
17272
17273
17274
17281
17282
17283
17286
17287
17289
17293
17296
17298
17299
17301
17305
17308
17312
17313
17314
17315
17316
17318
17319
17320
17324
17325
17326
17329
17331
17332
17333
17334
17336
17338
17339
17340
17342
17344
17347
17348
17350
17352
17354
17356
17358
17361
17364
17379
17384
17386
17396
17402
17411
17434
17447
17453
17457
17458
17461
17477
17485
17486
17487
17488
17489
17490
17491
17492
17493
17495
17497
17498
17499
17500
17502
17503
17505
17506
17508
17509
17510
17512
17515
17516
17519
17520
17521
17522
17523
17524
17526
17528
17529
17530
17531
17532
17533
17536
17537
17538
17539
17540
17541
17542
17543
17544
17545
17547
17549
17550
17551
17552
17553
17554
17555
17556
17557
17559
17560
17561
17562
17565
17566
17567
17568
17569
17570
17571
17572
17573
17574
17575
17576
17577
17578
17579
17580
17582
17583
17585
17586
17587
17594
17598
17600
17601
17604
17605
17606
17608
17609
17610
17611
17612
17613
17614
17615
17616
17618
17619
17620
17621
17622
17623
17628
17629
17630
17631
17633
17634
17639
17643
17645
17646
17648
17658
17659
17661
17667
17669
17671
17673
17676
17682
17684
17686
17687
17688
17689
17699
17700
17701
17703
17707
17708
17710
17711
17712
17713
17716
17718
17719
17721
17728
17736
17738
17741
17742
17743
17747
17748
17750
17752
17762
17768
17769
17773
17775
17776
17777
17778
17779
17780
17781
17782
17783
17785
17786
17787
17789
17790
17795
17796
17800
17807
17810
17814
17816
17828
17829
17833
17838
17840
17846
17849
17850
17857
17860
17866
17870
17872
17873
17875
17877
17880
17883
17884
17887
17888
17892
17894
17909
17917
17919
17926
17927
17928
17935
17938
17939
17949
17951
17952
17954
17958
17963
17965
17967
17969
17974
17976
17979
17982
17983
17993
17996
17997
17998
17999
18029
18031
18038
18039
18040
18041
18043
18044
18045
18046
18047
18048
18049
18050
18051
18052
18053
18054
18056
18057
18058
18060
18061
18062
18063
18064
18065
18067
18068
18070
18071
18072
18073
18074
18075
18077
18078
18079
18080
18081
18083
18084
18086
18087
18088
18089
18093
18094
18096
18097
18098
18099
18100
18101
18102
18103
18105
18107
18108
18109
18110
18111
18112
18113
18114
18116
18117
18120
18121
18122
18123
18124
18125
18126
18127
18128
18130
18131
18132
18133
18134
18135
18136
18137
18139
18140
18142
18143
18144
18146
18147
18148
18149
18150
18155
18163
18164
18166
18174
18180
18184
18188
18190
18193
18194
18196
18197
18198
18200
18201
18203
18207
18210
18212
18213
18214
18215
18218
18223
18224
18225
18226
18228
18229
18234
18235
18240
18241
18243
18244
18245
18246
18249
18250
18251
18255
18257
18269
18270
18273
18276
18277
18278
18280
18281
18285
18287
18288
18290
18294
18296
18297
18300
18301
18302
18308
18312
18315
18317
18318
18322
18323
18324
18325
18329
18332
18335
18336
18337
18340
18341
18342
18343
18345
18346
18348
18349
18350
18351
18352
18353
18354
18355
18357
18359
18361
18364
18366
18369
18370
18372
18375
18381
18382
18384
18385
18386
18387
18388
18390
18391
18392
18393
18394
18403
18407
18408
18409
18415
18429
18434
18442
18447
18457
18461
18468
18470
18481
18483
18490
18494
18496
18498
18505
18508
18514
18521
18526
18529
18540
18541
18545
18556
18560
18564
18569
18571
18577
18578
18586
18587
18589
18593
18596
18599
18600
18601
18602
18604
18605
18606
18608
18610
18611
18612
18613
18617
18623
18626
18631
18634
18645
18650
18652
18655
18656
18658
18659
18660
18664
18666
18669
18671
18673
18674
18675
18678
18679
18680
18682
18683
18685
18686
18687
18688
18689
18691
18692
18694
18695
18696
18697
18698
18699
18700
18701
18702
18703
18704
18708
18709
18711
18713
18714
18716
18717
18718
18719
18720
18721
18725
18727
18728
18729
18730
18731
18732
18733
18734
18735
18736
18737
18738
18740
18741
18742
18743
18744
18745
18747
18749
18751
18753
18754
18756
18757
18758
18760
18762
18763
18764
18765
18766
18767
18768
18769
18770
18771
18772
18773
18774
18775
18778
18779
18780
18781
18782
18784
18787
18789
18790
18791
18792
18793
18794
18795
18796
18797
18798
18799
18800
18801
18802
18803
18804
18806
18807
18808
18809
18810
18811
18812
18814
18815
18816
18817
18818
18819
18820
18821
18822
18825
18827
18828
18829
18830
18832
18834
18836
18838
18840
18841
18843
18844
18845
18847
18848
18849
18850
18852
18853
18854
18855
18856
18857
18859
18860
18861
18863
18865
18866
18868
18869
18870
18871
18872
18873
18878
18879
18880
18881
18882
18883
18884
18885
18886
18889
18891
18892
18893
18894
18895
18897
18898
18899
18900
18901
18902
18903
18904
18910
18911
18913
18914
18916
18918
18921
18922
18930
18934
18936
18937
18938
18940
18942
18943
18945
18946
18947
18948
18950
18951
18952
18954
18960
18961
18963
18964
18966
18967
18969
18970
18972
18973
18978
18983
18984
18987
18990
18992
18993
18994
18997
18998
19000
19001
19002
19004
19005
19006
19007
19008
19019
19023
19029
19033
19037
19038
19039
19040
19041
19042
19043
19044
19045
19047
19048
19050
19053
19060
19062
19065
19066
19075
19078
19079
19082
19083
19089
19091
19093
19094
19095
19096
19098
19099
19101
19102
19105
19106
19107
19110
19111
19112
19124
19128
19131
19140
19142
19143
19145
19151
19156
19161
19166
19171
19172
19174
19175
19179
19180
19182
19184
19186
19187
19188
19189
19197
19200
19203
19209
19210
19213
19217
19219
19223
19226
19235
19242
19248
19256
19257
19259
19261
19294
19295
19296
19297
19298
19301
19302
19303
19305
19308
19309
19311
19312
19315
19317
19320
19323
19324
19325
19329
19331
19332
19333
19334
19335
19338
19339
19340
19342
19343
19345
19348
19349
19351
19354
19355
19356
19358
19360
19362
19363
19365
19368
19369
19371
19373
19378
19379
19384
19386
19387
19388
19389
19391
19398
19401
19411
19415
19417
19421
19427
19428
19435
19437
19438
19440
19441
19443
19448
19452
19453
19454
19455
19456
19457
19462
19464
19467
19468
19470
19471
19472
19476
19477
19480
19482
19483
19485
19487
19488
19493
19494
19495
19496
19497
19498
19499
19502
19503
19504
19505
19506
19509
19510
19513
19514
19515
19517
19518
19519
19521
19522
19523
19524
19525
19528
19530
19534
19535
19536
19537
19539
19540
19541
19552
19554
19565
19576
19579
19646
19647
19650
19653
19658
19661
19665
19666
19667
19671
19672
19675
19678
19679
19683
19685
19687
19688
19692
19693
19694
19697
19699
19703
19705
19706
19712
19715
19724
19725
19726
19733
19734
19746
19753
19755
19756
19760
19762
19764
19769
19771
19773
19774
19775
19777
19778
19784
19787
19788
19792
19794
19796
19798
19799
19802
19803
19806
19807
19813
19822
19825
19835
19839
19841
19847
19848
19849
19858
19865
19867
19869
19870
19871
19872
19873
19875
19877
19878
19880
19884
19885
19886
19888
19894
19896
19897
19899
19900
19901
19903
19905
19906
19909
19915
19916
19924
19928
19930
19932
19933
19935
19936
19937
19938
19939
19940
19943
19944
19947
19956
19957
19958
19960
19968
19974
19976
19977
19978
19985
19986
19988
19989
19992
19993
19999
20001
20002
20008
20011
20013
20014
20017
20018
20021
20022
20025
20026
20028
20030
20033
20036
20040
20046
20048
20053
20054
20055
20057
20060
20061
20064
20065
20067
20069
20072
20075
20079
20080
20082
20083
20084
20086
20087
20088
20091
20095
20097
20098
20100
20101
20102
20103
20105
20106
20110
20113
20114
20116
20119
20120
20121
20127
20128
20129
20130
20131
20132
20134
20135
20138
20141
20145
20149
20150
20152
20154
20155
20156
20157
20159
20161
20162
20163
20164
20167
20171
20172
20173
20174
20175
20176
20177
20180
20184
20185
20186
20188
20191
20192
20193
20194
20195
20197
20198
20199
20200
20203
20204
20205
20206
20207
20209
20210
20212
20213
20214
20215
20219
20222
20223
20224
20226
20227
20230
20234
20235
20237
20238
20240
20241
20242
20243
20246
20248
20253
20254
20255
20256
20257
20260
20261
20264
20266
20267
20269
20271
20272
20275
20277
20278
20279
20284
20285
20288
20289
20291
20293
20294
20296
20299
20300
20303
20306
20308
20309
20311
20312
20314
20315
20325
20327
20328
20330
20332
20333
20335
20336
20337
20342
20344
20347
20348
20358
20364
20365
20367
20371
20373
20375
20377
20380
20381
20382
20384
20387
20389
20392
20393
20399
20407
20409
20414
20418
20420
20422
20428
20430
20433
20434
20435
20437
20438
20441
20444
20449
20450
20451
20454
20456
20457
20458
20460
20462
20463
20464
20465
20466
20468
20469
20471
20473
20474
20475
20478
20479
20482
20484
20490
20491
20492
20493
20494
20495
20497
20498
20500
20501
20502
20505
20507
20510
20512
20514
20517
20519
20520
20521
20522
20524
20525
20527
20528
20530
20531
20532
20533
20534
20536
20537
20538
20539
20541
20543
20545
20546
20548
20549
20553
20556
20558
20559
20561
20562
20563
20564
20565
20567
20568
20569
20570
20571
20572
20575
20576
20578
20581
20582
20583
20584
20586
20587
20588
20590
20591
20592
20594
20595
20596
20600
20604
20605
20606
20609
20610
20611
20612
20614
20615
20616
20618
20621
20623
20624
20625
20626
20627
20628
20629
20630
20632
20633
20636
20637
20639
20640
20641
20642
20643
20644
20646
20647
20651
20652
20653
20656
20658
20659
20661
20662
20663
20666
20668
20670
20671
20673
20674
20675
20677
20681
20682
20683
20684
20685
20686
20687
20688
20691
20692
20693
20694
20695
20696
20700
20705
20706
20707
20708
20711
20714
20715
20718
20720
20721
20723
20724
20725
20726
20727
20728
20731
20732
20733
20734
20738
20740
20742
20743
20744
20745
20749
20750
20751
20753
20754
20755
20756
20757
20758
20760
20761
20762
20764
20765
20766
20769
20770
20771
20773
20776
20777
20780
20781
20783
20785
20786
20787
20788
20789
20791
20792
20793
20795
20796
20798
20800
20801
20802
20805
20807
20808
20809
20810
20812
20814
20815
20816
20817
20819
20821
20822
20823
20825
20826
20827
20828
20829
20832
20833
20834
20836
20837
20850
